[45, 40, 35, 30, 20, 15, 10, 5, 3, 2, 1, 0.5]

[400, 350, 300, 250, 200, 150, 100, 50, 25]

[30, 45, 60, 75, 90, 105, 120, 135, 150, 165, 180]

[[[  69.72306176   76.76552545   79.70215968 ...,   89.58739271
     82.93233279   76.29138332]
  [  69.64966148   77.47720149   82.55468073 ...,   78.93174357
     71.8681553    88.44908153]
  [  70.41207827   74.51330943   82.32025977 ...,   91.24974131
     84.4057029    83.72804363]
  ..., 
  [  65.38753926   61.92309453   74.37449859 ...,   65.4190286    66.7102102
     65.23100967]
  [  63.56612415   68.2418316    67.35797082 ...,   61.9546523
     62.07185319   61.6703724 ]
  [  63.93245258   63.41788782   65.69659138 ...,   62.56209991
     63.63206474   63.25219768]]

 [[  64.24591205   72.57455901   81.60625288 ...,   87.37029793
     82.97804006   78.91511053]
  [  64.70385482   71.63278423   82.39758642 ...,   80.53319797
     80.84466034   91.58780264]
  [  64.60444818   70.77862938   78.15470964 ...,   89.88702688
     88.88530831   94.71863533]
  ..., 
  [  63.15547821   63.16849839   75.21995031 ...,   63.06246024
     63.48275909   60.36041832]
  [  64.37385367   63.44237311   62.08960798 ...,   61.35307414
     61.47006671   61.97240866]
  [  60.19559972   59.99754884   60.39172662 ...,   60.54329844
     60.37450632   60.68662377]]

 [[  66.30425117   72.99889572   79.74407547 ...,   86.43688773
     81.81791617   78.56418844]
  [  65.90926262   73.04621477   82.07161496 ...,   85.74476511
     82.17767376   94.26771582]
  [  66.5059982    71.45040964   77.53050739 ...,   90.97526313
     94.91835709   92.92311043]
  ..., 
  [  62.8559726    64.31282502   79.65756486 ...,   62.68194735
     59.72320466   61.45678076]
  [  64.04110064   61.4191154    60.13711602 ...,   57.99297919
     60.36301131   59.73565383]
  [  59.04622256   59.71594389   59.90330724 ...,   61.09541782
     60.26503889   59.94732827]]

 ..., 
 [[  66.24002521   79.21810921   95.37429903 ...,  124.62566811
    123.39838045  126.60720395]
  [  66.35385645   78.95373891   93.70754051 ...,  119.78897664
    126.26183511  127.11177405]
  [  66.1068974    78.86535485   93.79992009 ...,  129.90690852
    130.65902266  119.72831177]
  ..., 
  [  66.07771825   74.82948473   87.22091567 ...,   72.90533763
     67.19550245   62.93964514]
  [  63.93551547   67.70101632   69.13281969 ...,   50.31761575
     49.82219266   49.75629055]
  [  56.86891071   55.63659508   56.07352154 ...,   51.26975579
     50.73468413   51.175326  ]]

 [[  67.60953221   80.70419215   97.19680357 ...,  134.36790958
    131.59712101  130.54248248]
  [  67.51012274   81.10358593   97.50843126 ...,  132.18523556
    130.74899976  133.79915495]
  [  67.67474498   81.00493277   96.74304128 ...,  132.58755821
    130.20130476  129.82673229]
  ..., 
  [  66.43604687   77.40741229   92.50983625 ...,   71.28596368
     65.64473404   61.40190608]
  [  65.33324962   66.95759822   68.00447596 ...,   49.62749578
     49.20738954   49.16051052]
  [  56.30139775   54.65212169   55.14956765 ...,   50.2163437
     49.99649468   50.21830251]]

 [[  68.06136111   81.9316334    97.42071323 ...,  135.45425082
    134.31495368  135.12896647]
  [  67.82277064   82.30302274   98.32263702 ...,  134.05100946
    136.01200871  134.81766374]
  [  68.03019992   81.34648207   98.47070336 ...,  135.01786891
    136.97423012  132.20905262]
  ..., 
  [  67.66446992   78.24510427   92.63086478 ...,   70.37053314
     64.8502515    60.6787615 ]
  [  65.67872454   66.6553979    67.23818068 ...,   49.35694532
     48.99410821   48.98410745]
  [  56.71570778   54.64979018   55.21389715 ...,   49.90334156
     49.80731309   49.90773996]]]

