[45, 40, 35, 30, 20, 15, 10, 5, 3, 2, 1, 0.5]

[400, 350, 300, 250, 200, 150, 100, 50, 25]

[30, 45, 60, 75, 90, 105, 120, 135, 150, 165, 180]

[[[ 67.20767951  69.82250035  73.23389182 ...,  51.86580604  52.36040948
    52.93889634]
  [ 67.10824061  63.27683027  75.27590486 ...,  52.62992528  52.7043634
    52.85415827]
  [ 66.85408102  60.71674269  68.35607232 ...,  52.80141668  53.45992126
    55.31780579]
  ..., 
  [ 57.57216674  56.13334681  55.81458209 ...,  59.54554426  59.92092135
    60.03452911]
  [ 58.17894895  58.31774027  58.18415927 ...,  60.91711704  60.95078957
    61.02627124]
  [ 60.24936661  60.50350728  60.65544417 ...,  61.47475076  61.21624404
    61.37433139]]

 [[ 60.96122606  64.60525369  66.09109515 ...,  50.23256694  51.03864363
    50.86729177]
  [ 59.33892288  62.79539595  63.86167581 ...,  51.04778312  50.70020796
    50.9919865 ]
  [ 59.19785278  63.72783988  60.02646492 ...,  50.95558442  51.59843803
    53.12666588]
  ..., 
  [ 56.09609937  55.97721852  54.75788565 ...,  58.66283467  59.3097326
    59.25608516]
  [ 57.66233058  57.47536861  57.51823639 ...,  60.25362214  60.41515461
    60.44132604]
  [ 59.70906882  59.99057148  59.95243521 ...,  60.80841814  60.847523
    60.77454712]]

 [[ 63.12958881  65.22818862  71.84936961 ...,  49.54748297  50.32989359
    49.90598082]
  [ 63.02679623  62.52121473  68.04972615 ...,  49.87212549  49.95408778
    50.36417809]
  [ 61.65285061  62.43590322  62.75183805 ...,  49.98808672  50.93023916
    52.09426029]
  ..., 
  [ 56.40600792  55.38175275  54.53300397 ...,  58.06423702  58.81174101
    58.89552253]
  [ 56.9025177   56.96738965  56.80299564 ...,  59.91207522  60.02967824
    60.05136117]
  [ 59.27013903  59.41444023  59.70166272 ...,  60.6490829   60.53652723
    60.21031654]]

 ..., 
 [[ 64.5343893   72.8961351   85.46516591 ...,  77.3348029   71.62593435
    72.30525652]
  [ 63.71130032  71.51699637  83.9017775  ...,  71.95261055  64.49468189
    66.70146632]
  [ 62.94339927  69.5601889   81.45044943 ...,  64.31234361  58.63864449
    52.23154781]
  ..., 
  [ 56.20559554  56.8200125   62.29061264 ...,  44.86969273  46.051411
    46.9141511 ]
  [ 54.59916221  53.79023076  54.23270077 ...,  50.72602143  51.09712376
    51.51765293]
  [ 55.55017235  54.92640343  53.49035913 ...,  52.32069884  53.19400273
    53.77686066]]

 [[ 64.83026528  73.48334756  87.04701356 ...,  85.2715356   79.4350424
    77.43226014]
  [ 64.6715303   72.05192665  84.79077776 ...,  76.20668768  71.99060366
    70.05648216]
  [ 63.91679399  70.46472595  82.54827862 ...,  71.01219625  62.87128024
    55.61416377]
  ..., 
  [ 56.15214881  57.69392066  63.61020023 ...,  43.4941613   44.6611839
    46.25847376]
  [ 54.45392096  53.61181164  53.69512792 ...,  49.67659495  50.1912746
    49.9208544 ]
  [ 55.26356499  54.47330938  53.08605887 ...,  50.94965524  52.46771638
    53.09536857]]

 [[ 65.75061485  73.50339746  88.33491677 ...,  89.2459374   84.09185993
    78.36264948]
  [ 65.10135535  72.26339469  85.83569662 ...,  80.94338255  76.85442698
    73.45924344]
  [ 64.2268214   70.9706806   83.80792736 ...,  74.00452045  64.94809411
    59.85775542]
  ..., 
  [ 55.89397979  58.34754293  64.65543872 ...,  42.36792384  44.90285465
    44.80411067]
  [ 54.35909898  53.55695198  54.56226041 ...,  49.97877869  49.80101419
    49.40027395]
  [ 55.33939037  54.21054462  53.03852081 ...,  51.19528183  52.08081532
    52.07450301]]]

